[    5228.121200] 0003 0039 00000000
[    5228.121200] 0003 0037 00000000
[    5228.121200] 0003 0035 0000023f
[    5228.121200] 0003 0036 00000253
[    5228.121200] 0003 003a 00000032
[    5228.121200] 0000 0002 00000000
[    5228.121200] 0000 0000 00000000
[    5228.154689] 0003 0039 00000000
[    5228.154689] 0003 0037 00000000
[    5228.154689] 0003 0035 0000023f
[    5228.154689] 0003 0036 00000253
[    5228.154689] 0003 003a 00000043
[    5228.154689] 0000 0002 00000000
[    5228.154689] 0003 0039 00000001
[    5228.154689] 0003 0037 00000000
[    5228.154689] 0003 0035 0000020a
[    5228.154689] 0003 0036 00000432
[    5228.154689] 0003 003a 00000039
[    5228.154689] 0000 0002 00000000
[    5228.154689] 0000 0000 00000000
[    5228.229660] 0003 0039 00000000
[    5228.229660] 0003 0037 00000000
[    5228.229660] 0003 0035 0000023f
[    5228.229660] 0003 0036 00000253
[    5228.229660] 0003 003a 0000004e
[    5228.229660] 0000 0002 00000000
[    5228.229660] 0003 0039 00000001
[    5228.229660] 0003 0037 00000000
[    5228.229660] 0003 0035 00000209
[    5228.229660] 0003 0036 00000432
[    5228.229660] 0003 003a 00000047
[    5228.229660] 0000 0002 00000000
[    5228.229660] 0000 0000 00000000
[    5228.237579] 0003 0039 00000000
[    5228.237579] 0003 0037 00000000
[    5228.237579] 0003 0035 0000023f
[    5228.237579] 0003 0036 00000253
[    5228.237579] 0003 003a 0000004e
[    5228.237579] 0000 0002 00000000
[    5228.237579] 0003 0039 00000001
[    5228.237579] 0003 0037 00000000
[    5228.237579] 0003 0035 00000208
[    5228.237579] 0003 0036 00000432
[    5228.237579] 0003 003a 00000047
[    5228.237579] 0000 0002 00000000
[    5228.237579] 0000 0000 00000000
[    5228.246447] 0003 0039 00000000
[    5228.246447] 0003 0037 00000000
[    5228.246447] 0003 0035 0000023f
[    5228.246447] 0003 0036 00000253
[    5228.246447] 0003 003a 0000004d
[    5228.246447] 0000 0002 00000000
[    5228.246447] 0003 0039 00000001
[    5228.246447] 0003 0037 00000000
[    5228.246447] 0003 0035 00000207
[    5228.246447] 0003 0036 00000433
[    5228.246447] 0003 003a 00000048
[    5228.246447] 0000 0002 00000000
[    5228.246447] 0000 0000 00000000
[    5228.254230] 0003 0039 00000000
[    5228.254230] 0003 0037 00000000
[    5228.254230] 0003 0035 0000023f
[    5228.254230] 0003 0036 00000253
[    5228.254230] 0003 003a 0000004d
[    5228.254230] 0000 0002 00000000
[    5228.254230] 0003 0039 00000001
[    5228.254230] 0003 0037 00000000
[    5228.254230] 0003 0035 00000206
[    5228.254230] 0003 0036 00000434
[    5228.254230] 0003 003a 00000049
[    5228.254230] 0000 0002 00000000
[    5228.254230] 0000 0000 00000000
[    5228.262884] 0003 0039 00000000
[    5228.262884] 0003 0037 00000000
[    5228.262884] 0003 0035 0000023f
[    5228.262884] 0003 0036 00000252
[    5228.262884] 0003 003a 0000004b
[    5228.262884] 0000 0002 00000000
[    5228.262884] 0003 0039 00000001
[    5228.262884] 0003 0037 00000000
[    5228.262884] 0003 0035 00000205
[    5228.262884] 0003 0036 00000436
[    5228.262884] 0003 003a 00000048
[    5228.262884] 0000 0002 00000000
[    5228.262884] 0000 0000 00000000
[    5228.270915] 0003 0039 00000000
[    5228.270915] 0003 0037 00000000
[    5228.270915] 0003 0035 0000023f
[    5228.270915] 0003 0036 00000251
[    5228.270915] 0003 003a 0000004a
[    5228.270915] 0000 0002 00000000
[    5228.270915] 0003 0039 00000001
[    5228.270915] 0003 0037 00000000
[    5228.270915] 0003 0035 00000203
[    5228.270915] 0003 0036 00000438
[    5228.270915] 0003 003a 00000048
[    5228.270915] 0000 0002 00000000
[    5228.270915] 0000 0000 00000000
[    5228.279555] 0003 0039 00000000
[    5228.279555] 0003 0037 00000000
[    5228.279555] 0003 0035 0000023f
[    5228.279555] 0003 0036 0000024f
[    5228.279555] 0003 003a 00000049
[    5228.279555] 0000 0002 00000000
[    5228.279555] 0003 0039 00000001
[    5228.279555] 0003 0037 00000000
[    5228.279555] 0003 0035 00000201
[    5228.279555] 0003 0036 0000043b
[    5228.279555] 0003 003a 00000048
[    5228.279555] 0000 0002 00000000
[    5228.279555] 0000 0000 00000000
[    5228.287424] 0003 0039 00000000
[    5228.287424] 0003 0037 00000000
[    5228.287424] 0003 0035 0000023f
[    5228.287424] 0003 0036 0000024d
[    5228.287424] 0003 003a 00000049
[    5228.287424] 0000 0002 00000000
[    5228.287424] 0003 0039 00000001
[    5228.287424] 0003 0037 00000000
[    5228.287424] 0003 0035 000001ff
[    5228.287424] 0003 0036 0000043f
[    5228.287424] 0003 003a 00000048
[    5228.287424] 0000 0002 00000000
[    5228.287424] 0000 0000 00000000
[    5228.296070] 0003 0039 00000000
[    5228.296070] 0003 0037 00000000
[    5228.296070] 0003 0035 0000023f
[    5228.296070] 0003 0036 0000024b
[    5228.296070] 0003 003a 00000049
[    5228.296070] 0000 0002 00000000
[    5228.296070] 0003 0039 00000001
[    5228.296070] 0003 0037 00000000
[    5228.296070] 0003 0035 000001fd
[    5228.296070] 0003 0036 00000444
[    5228.296070] 0003 003a 00000049
[    5228.296070] 0000 0002 00000000
[    5228.296070] 0000 0000 00000000
[    5228.303925] 0003 0039 00000000
[    5228.303925] 0003 0037 00000000
[    5228.303925] 0003 0035 0000023f
[    5228.303925] 0003 0036 00000249
[    5228.303925] 0003 003a 00000049
[    5228.303925] 0000 0002 00000000
[    5228.303925] 0003 0039 00000001
[    5228.303925] 0003 0037 00000000
[    5228.303925] 0003 0035 000001fa
[    5228.303925] 0003 0036 00000449
[    5228.303925] 0003 003a 00000049
[    5228.303925] 0000 0002 00000000
[    5228.303925] 0000 0000 00000000
[    5228.312637] 0003 0039 00000000
[    5228.312637] 0003 0037 00000000
[    5228.312637] 0003 0035 0000023f
[    5228.312637] 0003 0036 00000247
[    5228.312637] 0003 003a 00000048
[    5228.312637] 0000 0002 00000000
[    5228.312637] 0003 0039 00000001
[    5228.312637] 0003 0037 00000000
[    5228.312637] 0003 0035 000001f8
[    5228.312637] 0003 0036 0000044f
[    5228.312637] 0003 003a 00000049
[    5228.312637] 0000 0002 00000000
[    5228.312637] 0000 0000 00000000
[    5228.320399] 0003 0039 00000000
[    5228.320399] 0003 0037 00000000
[    5228.320399] 0003 0035 0000023f
[    5228.320399] 0003 0036 00000245
[    5228.320399] 0003 003a 00000048
[    5228.320399] 0000 0002 00000000
[    5228.320399] 0003 0039 00000001
[    5228.320399] 0003 0037 00000000
[    5228.320399] 0003 0035 000001f6
[    5228.320399] 0003 0036 00000454
[    5228.320399] 0003 003a 00000049
[    5228.320399] 0000 0002 00000000
[    5228.320399] 0000 0000 00000000
[    5228.329223] 0003 0039 00000000
[    5228.329223] 0003 0037 00000000
[    5228.329223] 0003 0035 0000023f
[    5228.329223] 0003 0036 00000243
[    5228.329223] 0003 003a 00000047
[    5228.329223] 0000 0002 00000000
[    5228.329223] 0003 0039 00000001
[    5228.329223] 0003 0037 00000000
[    5228.329223] 0003 0035 000001f4
[    5228.329223] 0003 0036 00000459
[    5228.329223] 0003 003a 0000004a
[    5228.329223] 0000 0002 00000000
[    5228.329223] 0000 0000 00000000
[    5228.337172] 0003 0039 00000000
[    5228.337172] 0003 0037 00000000
[    5228.337172] 0003 0035 0000023f
[    5228.337172] 0003 0036 00000241
[    5228.337172] 0003 003a 00000047
[    5228.337172] 0000 0002 00000000
[    5228.337172] 0003 0039 00000001
[    5228.337172] 0003 0037 00000000
[    5228.337172] 0003 0035 000001f2
[    5228.337172] 0003 0036 0000045d
[    5228.337172] 0003 003a 0000004a
[    5228.337172] 0000 0002 00000000
[    5228.337172] 0000 0000 00000000
[    5228.345936] 0003 0039 00000000
[    5228.345936] 0003 0037 00000000
[    5228.345936] 0003 0035 0000023f
[    5228.345936] 0003 0036 0000023f
[    5228.345936] 0003 003a 00000046
[    5228.345936] 0000 0002 00000000
[    5228.345936] 0003 0039 00000001
[    5228.345936] 0003 0037 00000000
[    5228.345936] 0003 0035 000001f0
[    5228.345936] 0003 0036 00000461
[    5228.345936] 0003 003a 0000004a
[    5228.345936] 0000 0002 00000000
[    5228.345936] 0000 0000 00000000
[    5228.353639] 0003 0039 00000000
[    5228.353639] 0003 0037 00000000
[    5228.353639] 0003 0035 0000023f
[    5228.353639] 0003 0036 0000023d
[    5228.353639] 0003 003a 00000046
[    5228.353639] 0000 0002 00000000
[    5228.353639] 0003 0039 00000001
[    5228.353639] 0003 0037 00000000
[    5228.353639] 0003 0035 000001ee
[    5228.353639] 0003 0036 00000465
[    5228.353639] 0003 003a 0000004a
[    5228.353639] 0000 0002 00000000
[    5228.353639] 0000 0000 00000000
[    5228.362436] 0003 0039 00000000
[    5228.362436] 0003 0037 00000000
[    5228.362436] 0003 0035 0000023f
[    5228.362436] 0003 0036 0000023b
[    5228.362436] 0003 003a 00000045
[    5228.362436] 0000 0002 00000000
[    5228.362436] 0003 0039 00000001
[    5228.362436] 0003 0037 00000000
[    5228.362436] 0003 0035 000001ec
[    5228.362436] 0003 0036 00000469
[    5228.362436] 0003 003a 0000004a
[    5228.362436] 0000 0002 00000000
[    5228.362436] 0000 0000 00000000
[    5228.370227] 0003 0039 00000000
[    5228.370227] 0003 0037 00000000
[    5228.370227] 0003 0035 0000023f
[    5228.370227] 0003 0036 00000239
[    5228.370227] 0003 003a 00000046
[    5228.370227] 0000 0002 00000000
[    5228.370227] 0003 0039 00000001
[    5228.370227] 0003 0037 00000000
[    5228.370227] 0003 0035 000001ea
[    5228.370227] 0003 0036 0000046d
[    5228.370227] 0003 003a 0000004a
[    5228.370227] 0000 0002 00000000
[    5228.370227] 0000 0000 00000000
[    5228.379002] 0003 0039 00000000
[    5228.379002] 0003 0037 00000000
[    5228.379002] 0003 0035 0000023f
[    5228.379002] 0003 0036 00000237
[    5228.379002] 0003 003a 00000045
[    5228.379002] 0000 0002 00000000
[    5228.379002] 0003 0039 00000001
[    5228.379002] 0003 0037 00000000
[    5228.379002] 0003 0035 000001e8
[    5228.379002] 0003 0036 00000471
[    5228.379002] 0003 003a 0000004a
[    5228.379002] 0000 0002 00000000
[    5228.379002] 0000 0000 00000000
[    5228.386841] 0003 0039 00000000
[    5228.386841] 0003 0037 00000000
[    5228.386841] 0003 0035 0000023f
[    5228.386841] 0003 0036 00000235
[    5228.386841] 0003 003a 00000046
[    5228.386841] 0000 0002 00000000
[    5228.386841] 0003 0039 00000001
[    5228.386841] 0003 0037 00000000
[    5228.386841] 0003 0035 000001e6
[    5228.386841] 0003 0036 00000475
[    5228.386841] 0003 003a 0000004b
[    5228.386841] 0000 0002 00000000
[    5228.386841] 0000 0000 00000000
[    5228.395718] 0003 0039 00000000
[    5228.395718] 0003 0037 00000000
[    5228.395718] 0003 0035 0000023f
[    5228.395718] 0003 0036 00000232
[    5228.395718] 0003 003a 00000047
[    5228.395718] 0000 0002 00000000
[    5228.395718] 0003 0039 00000001
[    5228.395718] 0003 0037 00000000
[    5228.395718] 0003 0035 000001e5
[    5228.395718] 0003 0036 00000478
[    5228.395718] 0003 003a 0000004b
[    5228.395718] 0000 0002 00000000
[    5228.395718] 0000 0000 00000000
[    5228.403482] 0003 0039 00000000
[    5228.403482] 0003 0037 00000000
[    5228.403482] 0003 0035 0000023f
[    5228.403482] 0003 0036 00000230
[    5228.403482] 0003 003a 00000047
[    5228.403482] 0000 0002 00000000
[    5228.403482] 0003 0039 00000001
[    5228.403482] 0003 0037 00000000
[    5228.403482] 0003 0035 000001e4
[    5228.403482] 0003 0036 0000047b
[    5228.403482] 0003 003a 0000004b
[    5228.403482] 0000 0002 00000000
[    5228.403482] 0000 0000 00000000
[    5228.412122] 0003 0039 00000000
[    5228.412122] 0003 0037 00000000
[    5228.412122] 0003 0035 0000023f
[    5228.412122] 0003 0036 0000022d
[    5228.412122] 0003 003a 00000047
[    5228.412122] 0000 0002 00000000
[    5228.412122] 0003 0039 00000001
[    5228.412122] 0003 0037 00000000
[    5228.412122] 0003 0035 000001e3
[    5228.412122] 0003 0036 0000047e
[    5228.412122] 0003 003a 0000004c
[    5228.412122] 0000 0002 00000000
[    5228.412122] 0000 0000 00000000
[    5228.420120] 0003 0039 00000000
[    5228.420120] 0003 0037 00000000
[    5228.420120] 0003 0035 0000023f
[    5228.420120] 0003 0036 0000022b
[    5228.420120] 0003 003a 00000047
[    5228.420120] 0000 0002 00000000
[    5228.420120] 0003 0039 00000001
[    5228.420120] 0003 0037 00000000
[    5228.420120] 0003 0035 000001e2
[    5228.420120] 0003 0036 00000480
[    5228.420120] 0003 003a 0000004c
[    5228.420120] 0000 0002 00000000
[    5228.420120] 0000 0000 00000000
[    5228.428773] 0003 0039 00000000
[    5228.428773] 0003 0037 00000000
[    5228.428773] 0003 0035 0000023f
[    5228.428773] 0003 0036 00000229
[    5228.428773] 0003 003a 00000048
[    5228.428773] 0000 0002 00000000
[    5228.428773] 0003 0039 00000001
[    5228.428773] 0003 0037 00000000
[    5228.428773] 0003 0035 000001e1
[    5228.428773] 0003 0036 00000482
[    5228.428773] 0003 003a 0000004c
[    5228.428773] 0000 0002 00000000
[    5228.428773] 0000 0000 00000000
[    5228.436508] 0003 0039 00000000
[    5228.436508] 0003 0037 00000000
[    5228.436508] 0003 0035 0000023f
[    5228.436508] 0003 0036 00000227
[    5228.436508] 0003 003a 00000047
[    5228.436508] 0000 0002 00000000
[    5228.436508] 0003 0039 00000001
[    5228.436508] 0003 0037 00000000
[    5228.436508] 0003 0035 000001e0
[    5228.436508] 0003 0036 00000483
[    5228.436508] 0003 003a 0000004c
[    5228.436508] 0000 0002 00000000
[    5228.436508] 0000 0000 00000000
[    5228.445372] 0003 0039 00000000
[    5228.445372] 0003 0037 00000000
[    5228.445372] 0003 0035 0000023f
[    5228.445372] 0003 0036 00000225
[    5228.445372] 0003 003a 00000047
[    5228.445372] 0000 0002 00000000
[    5228.445372] 0003 0039 00000001
[    5228.445372] 0003 0037 00000000
[    5228.445372] 0003 0035 000001e0
[    5228.445372] 0003 0036 00000484
[    5228.445372] 0003 003a 0000004c
[    5228.445372] 0000 0002 00000000
[    5228.445372] 0000 0000 00000000
[    5228.453069] 0003 0039 00000000
[    5228.453069] 0003 0037 00000000
[    5228.453069] 0003 0035 0000023f
[    5228.453069] 0003 0036 00000224
[    5228.453069] 0003 003a 00000047
[    5228.453069] 0000 0002 00000000
[    5228.453069] 0003 0039 00000001
[    5228.453069] 0003 0037 00000000
[    5228.453069] 0003 0035 000001df
[    5228.453069] 0003 0036 00000485
[    5228.453069] 0003 003a 0000004c
[    5228.453069] 0000 0002 00000000
[    5228.453069] 0000 0000 00000000
[    5228.461998] 0003 0039 00000000
[    5228.461998] 0003 0037 00000000
[    5228.461998] 0003 0035 0000023f
[    5228.461998] 0003 0036 00000223
[    5228.461998] 0003 003a 00000047
[    5228.461998] 0000 0002 00000000
[    5228.461998] 0003 0039 00000001
[    5228.461998] 0003 0037 00000000
[    5228.461998] 0003 0035 000001df
[    5228.461998] 0003 0036 00000485
[    5228.461998] 0003 003a 0000004c
[    5228.461998] 0000 0002 00000000
[    5228.461998] 0000 0000 00000000
[    5228.469793] 0003 0039 00000000
[    5228.469793] 0003 0037 00000000
[    5228.469793] 0003 0035 0000023f
[    5228.469793] 0003 0036 00000222
[    5228.469793] 0003 003a 00000047
[    5228.469793] 0000 0002 00000000
[    5228.469793] 0003 0039 00000001
[    5228.469793] 0003 0037 00000000
[    5228.469793] 0003 0035 000001df
[    5228.469793] 0003 0036 00000485
[    5228.469793] 0003 003a 0000004c
[    5228.469793] 0000 0002 00000000
[    5228.469793] 0000 0000 00000000
[    5228.478555] 0003 0039 00000000
[    5228.478555] 0003 0037 00000000
[    5228.478555] 0003 0035 0000023f
[    5228.478555] 0003 0036 00000221
[    5228.478555] 0003 003a 00000047
[    5228.478555] 0000 0002 00000000
[    5228.478555] 0003 0039 00000001
[    5228.478555] 0003 0037 00000000
[    5228.478555] 0003 0035 000001df
[    5228.478555] 0003 0036 00000485
[    5228.478555] 0003 003a 0000004c
[    5228.478555] 0000 0002 00000000
[    5228.478555] 0000 0000 00000000
[    5228.486331] 0003 0039 00000000
[    5228.486331] 0003 0037 00000000
[    5228.486331] 0003 0035 0000023f
[    5228.486331] 0003 0036 00000220
[    5228.486331] 0003 003a 00000047
[    5228.486331] 0000 0002 00000000
[    5228.486331] 0003 0039 00000001
[    5228.486331] 0003 0037 00000000
[    5228.486331] 0003 0035 000001df
[    5228.486331] 0003 0036 00000485
[    5228.486331] 0003 003a 0000004c
[    5228.486331] 0000 0002 00000000
[    5228.486331] 0000 0000 00000000
[    5228.495055] 0003 0039 00000000
[    5228.495055] 0003 0037 00000000
[    5228.495055] 0003 0035 0000023f
[    5228.495055] 0003 0036 0000021f
[    5228.495055] 0003 003a 00000047
[    5228.495055] 0000 0002 00000000
[    5228.495055] 0003 0039 00000001
[    5228.495055] 0003 0037 00000000
[    5228.495055] 0003 0035 000001df
[    5228.495055] 0003 0036 00000485
[    5228.495055] 0003 003a 0000004c
[    5228.495055] 0000 0002 00000000
[    5228.495055] 0000 0000 00000000
[    5228.502897] 0003 0039 00000000
[    5228.502897] 0003 0037 00000000
[    5228.502897] 0003 0035 0000023f
[    5228.502897] 0003 0036 0000021e
[    5228.502897] 0003 003a 00000047
[    5228.502897] 0000 0002 00000000
[    5228.502897] 0003 0039 00000001
[    5228.502897] 0003 0037 00000000
[    5228.502897] 0003 0035 000001df
[    5228.502897] 0003 0036 00000485
[    5228.502897] 0003 003a 0000004b
[    5228.502897] 0000 0002 00000000
[    5228.502897] 0000 0000 00000000
[    5228.511693] 0003 0039 00000000
[    5228.511693] 0003 0037 00000000
[    5228.511693] 0003 0035 0000023f
[    5228.511693] 0003 0036 0000021d
[    5228.511693] 0003 003a 00000047
[    5228.511693] 0000 0002 00000000
[    5228.511693] 0003 0039 00000001
[    5228.511693] 0003 0037 00000000
[    5228.511693] 0003 0035 000001df
[    5228.511693] 0003 0036 00000485
[    5228.511693] 0003 003a 0000004a
[    5228.511693] 0000 0002 00000000
[    5228.511693] 0000 0000 00000000
[    5228.519447] 0003 0039 00000000
[    5228.519447] 0003 0037 00000000
[    5228.519447] 0003 0035 0000023f
[    5228.519447] 0003 0036 0000021c
[    5228.519447] 0003 003a 00000047
[    5228.519447] 0000 0002 00000000
[    5228.519447] 0003 0039 00000001
[    5228.519447] 0003 0037 00000000
[    5228.519447] 0003 0035 000001df
[    5228.519447] 0003 0036 00000485
[    5228.519447] 0003 003a 00000048
[    5228.519447] 0000 0002 00000000
[    5228.519447] 0000 0000 00000000
[    5228.528169] 0003 0039 00000000
[    5228.528169] 0003 0037 00000000
[    5228.528169] 0003 0035 0000023f
[    5228.528169] 0003 0036 0000021b
[    5228.528169] 0003 003a 00000044
[    5228.528169] 0000 0002 00000000
[    5228.528169] 0003 0039 00000001
[    5228.528169] 0003 0037 00000000
[    5228.528169] 0003 0035 000001df
[    5228.528169] 0003 0036 00000485
[    5228.528169] 0003 003a 00000044
[    5228.528169] 0000 0002 00000000
[    5228.528169] 0000 0000 00000000
[    5228.544982] 0003 0039 00000000
[    5228.544982] 0003 0037 00000000
[    5228.544982] 0003 0035 0000023f
[    5228.544982] 0003 0036 0000021a
[    5228.544982] 0003 003a 00000031
[    5228.544982] 0000 0002 00000000
[    5228.544982] 0003 0039 00000001
[    5228.544982] 0003 0037 00000000
[    5228.544982] 0003 0035 000001df
[    5228.544982] 0003 0036 00000486
[    5228.544982] 0003 003a 0000002f
[    5228.544982] 0000 0002 00000000
[    5228.544982] 0000 0000 00000000
[    5228.551161] 0000 0002 00000000
[    5228.551161] 0000 0002 00000000
[    5228.551161] 0000 0000 00000000
